image_width: 1280
image_height: 720
camera_name: narrow_stereo/right
camera_matrix:
  rows: 3
  cols: 3
  data: [1025.60267,    0.     ,  657.2001 ,
            0.     , 1026.97914,  344.2075 ,
            0.     ,    0.     ,    1.     ]
distortion_model: plumb_bob
distortion_coefficients:
  rows: 1
  cols: 5
  data: [-0.554133, 0.322973, 0.004993, -0.000268, 0.000000]
rectification_matrix:
  rows: 3
  cols: 3
  data: [ 0.99798919, -0.00412145,  0.06325023,
          0.00432086,  0.99998612, -0.00301617,
         -0.06323692,  0.0032834 ,  0.99799314]
projection_matrix:
  rows: 3
  cols: 4
  data: [1028.3818 ,    0.     ,  520.72655,  -89.21411,
            0.     , 1028.3818 ,  331.21189,    0.     ,
            0.     ,    0.     ,    1.     ,    0.     ]
